502356
713704
804150
758323
980078
296271
385687
919570
493529
916224
840326
785084
931954
800301
848058
1016121
717728
447365
760741
455476
878375
933419
842675
649609
901563
882569
1047041
812488
855263
760099
955644
796185
497828
798286
986088
542507
843267
830896
536437
850028
915931
667216
965150
890771
823951
844417
942922
62
917007
715742
770724
857553
1892
876797
605886
507903
459003
994143
1111141
964819
447277
555285
1012837
1106087
878361
1008005
700391
1023313
799379
989473
643215
1012837
931102
758336
921355
990140
876969
803700
758769
862552
1079837
1108372
1105313
569094
630
888479
573164
972230
983883
802699
809787
939338
1443
893370
934131
717930
982271
952701
829051
599019
843380
870518
553147
1008102
1016084
846961
647250
946706
630220
8327
931404
723347
804095
963765
987507
522925
657561
794602
1109543
890215
1047925
1004663
813477
1017507
727340
752867
949423
10515
942199
204370
215103
202250
36361
215803
216390
217510
218145
137206
221249
114294
1416
456
157059
2734
2051
60735
71712
46952
65334
4614
101463
203599
124364
13840
208711
154828
204832
30810
12610
195868
71728
549
1434
85937
44006
114922
156819
1433
2527
75219
966
59941
194829
207743
210506
100049
79855
95057
208493
79744
124800
211128
97546
1655
58841
82395
224551
203737
117465
209117
119316
2224
69050
71790
213713
215315
130542
221949
111453
113218
215902
215426
95182
987
11890
881
14750
65701
223761
125147
63452
114439
215556
75450
215103
92661
63824
204343
63935
203504
209707
72505
202753
138288